Orthogonal matrix:
[
    [0.5625, 0, 0, -0]
    [0, 1, 0, -0]
    [0, 0, -0.20202, -1.0202]
    [0, 0, 0, 1]
]

0:
[
    [1, -0, 0, 0]
    [-0, 1, -0, 0]
    [0, -0, 1, 3.5]
    [0, 0, 0, 1]
]

1:
[
    [0.818182, -0, 0.574959, 2.01236]
    [-0, 1, -0, 0]
    [-0.574959, -0, 0.818182, 2.86364]
    [0, 0, 0, 1]
]

2:
[
    [0.860827, -0.158189, 0.483687, 1.6929]
    [2.98023e-08, 0.95046, 0.310847, 1.08796]
    [-0.508897, -0.267585, 0.818182, 2.86364]
    [0, 0, 0, 1]
]

3:
[
    [0.959934, -0.146559, 0.238847, 0.835964]
    [-0, 0.852332, 0.523002, 1.83051]
    [-0.280228, -0.502047, 0.818182, 2.86364]
    [0, 0, 0, 1]
]

4:
[
    [0.995036, 0.0566332, -0.0818253, -0.286388]
    [-1.11759e-08, 0.822263, 0.569107, 1.99188]
    [0.0995123, -0.566282, 0.818182, 2.86364]
    [0, 0, 0, 1]
]

5:
[
    [0.908425, 0.181652, -0.376518, -1.31781]
    [-1.49012e-08, 0.90066, 0.434525, 1.52084]
    [0.418047, -0.394734, 0.818182, 2.86364]
    [0, 0, 0, 1]
]

6:
[
    [0.829132, 0.090558, -0.55167, -1.93084]
    [-7.45058e-09, 0.986793, 0.161985, 0.566947]
    [0.559053, -0.134307, 0.818182, 2.86364]
    [0, 0, 0, 1]
]

7:
[
    [0.829132, -0.0905581, -0.55167, -1.93084]
    [2.23517e-08, 0.986793, -0.161985, -0.566947]
    [0.559053, 0.134307, 0.818182, 2.86364]
    [0, 0, 0, 1]
]

8:
[
    [0.908425, -0.181652, -0.376518, -1.31781]
    [2.98023e-08, 0.90066, -0.434525, -1.52084]
    [0.418047, 0.394734, 0.818182, 2.86364]
    [0, 0, 0, 1]
]

9:
[
    [0.995036, -0.056633, -0.0818251, -0.286388]
    [-0, 0.822263, -0.569107, -1.99188]
    [0.0995121, 0.566282, 0.818182, 2.86364]
    [0, 0, 0, 1]
]

10:
[
    [0.959933, 0.14656, 0.238847, 0.835965]
    [-2.98023e-08, 0.852332, -0.523001, -1.83051]
    [-0.280228, 0.502047, 0.818182, 2.86364]
    [0, 0, 0, 1]
]

11:
[
    [0.860827, 0.158189, 0.483687, 1.6929]
    [-1.49012e-08, 0.95046, -0.310846, -1.08796]
    [-0.508898, 0.267585, 0.818182, 2.86364]
    [0, 0, 0, 1]
]

12:
[
    [0.636364, -0, 0.771389, 2.69986]
    [-0, 1, -0, 0]
    [-0.771389, -0, 0.636364, 2.22727]
    [0, 0, 0, 1]
]

13:
[
    [0.700158, -0.297765, 0.648934, 2.27127]
    [-0, 0.908886, 0.417044, 1.45966]
    [-0.713988, -0.291997, 0.636364, 2.22727]
    [0, 0, 0, 1]
]

14:
[
    [0.893152, -0.315584, 0.320447, 1.12156]
    [2.98023e-08, 0.712492, 0.70168, 2.45588]
    [-0.449755, -0.626707, 0.636364, 2.22727]
    [0, 0, 0, 1]
]

15:
[
    [0.985444, 0.129802, -0.10978, -0.38423]
    [-2.23517e-08, 0.645763, 0.763538, 2.67238]
    [0.170001, -0.752423, 0.636364, 2.22727]
    [0, 0, 0, 1]
]

16:
[
    [0.783228, 0.362457, -0.505152, -1.76803]
    [-8.9407e-08, 0.812489, 0.582977, 2.04042]
    [0.621735, -0.456604, 0.636364, 2.22727]
    [0, 0, 0, 1]
]

17:
[
    [0.651946, 0.16479, -0.740143, -2.5905]
    [1.49012e-08, 0.976099, 0.217325, 0.760639]
    [0.758266, -0.141684, 0.636364, 2.22727]
    [0, 0, 0, 1]
]

18:
[
    [0.651946, -0.16479, -0.740142, -2.5905]
    [-0, 0.976099, -0.217325, -0.760639]
    [0.758266, 0.141684, 0.636364, 2.22727]
    [0, 0, 0, 1]
]

19:
[
    [0.783228, -0.362457, -0.505152, -1.76803]
    [5.96046e-08, 0.812489, -0.582977, -2.04042]
    [0.621735, 0.456604, 0.636364, 2.22727]
    [0, 0, 0, 1]
]

20:
[
    [0.985444, -0.129802, -0.10978, -0.38423]
    [2.23517e-08, 0.645763, -0.763538, -2.67238]
    [0.17, 0.752424, 0.636364, 2.22727]
    [0, 0, 0, 1]
]

21:
[
    [0.893152, 0.315584, 0.320447, 1.12156]
    [-1.49012e-08, 0.712492, -0.70168, -2.45588]
    [-0.449755, 0.626707, 0.636364, 2.22727]
    [0, 0, 0, 1]
]

22:
[
    [0.700158, 0.297765, 0.648934, 2.27127]
    [1.49012e-08, 0.908886, -0.417044, -1.45965]
    [-0.713988, 0.291997, 0.636364, 2.22727]
    [0, 0, 0, 1]
]

23:
[
    [0.454545, -0, 0.890723, 3.11753]
    [-0, 1, -0, 0]
    [-0.890723, -0, 0.454545, 1.59091]
    [0, 0, 0, 1]
]

24:
[
    [0.518643, -0.411731, 0.749324, 2.62263]
    [-0, 0.876412, 0.481561, 1.68547]
    [-0.854991, -0.249759, 0.454545, 1.59091]
    [0, 0, 0, 1]
]

25:
[
    [0.775528, -0.51151, 0.37002, 1.29507]
    [2.98023e-08, 0.586111, 0.81023, 2.83581]
    [-0.631314, -0.628356, 0.454545, 1.59091]
    [0, 0, 0, 1]
]

26:
[
    [0.963244, 0.236838, -0.126763, -0.443671]
    [-2.23517e-08, 0.47189, 0.881657, 3.0858]
    [0.268628, -0.849251, 0.454545, 1.59091]
    [0, 0, 0, 1]
]

27:
[
    [0.614671, 0.53098, -0.5833, -2.04155]
    [-1.49012e-08, 0.739493, 0.673164, 2.35607]
    [0.788783, -0.413775, 0.454545, 1.59091]
    [0, 0, 0, 1]
]

28:
[
    [0.469571, 0.221559, -0.854643, -2.99125]
    [1.49012e-08, 0.968001, 0.250946, 0.87831]
    [0.882895, -0.117837, 0.454545, 1.59091]
    [0, 0, 0, 1]
]

29:
[
    [0.469571, -0.221559, -0.854643, -2.99125]
    [-0, 0.968001, -0.250946, -0.878311]
    [0.882895, 0.117837, 0.454545, 1.59091]
    [0, 0, 0, 1]
]

30:
[
    [0.614672, -0.53098, -0.5833, -2.04155]
    [2.98023e-08, 0.739493, -0.673164, -2.35607]
    [0.788783, 0.413775, 0.454545, 1.59091]
    [0, 0, 0, 1]
]

31:
[
    [0.963244, -0.236838, -0.126763, -0.44367]
    [1.49012e-08, 0.47189, -0.881657, -3.0858]
    [0.268628, 0.849251, 0.454545, 1.59091]
    [0, 0, 0, 1]
]

32:
[
    [0.775527, 0.51151, 0.37002, 1.29507]
    [-0, 0.586111, -0.81023, -2.83581]
    [-0.631314, 0.628356, 0.454545, 1.59091]
    [0, 0, 0, 1]
]

33:
[
    [0.518643, 0.41173, 0.749325, 2.62264]
    [-1.49012e-08, 0.876413, -0.481561, -1.68546]
    [-0.854991, 0.249759, 0.454545, 1.59091]
    [0, 0, 0, 1]
]

34:
[
    [0.272727, -0, 0.962091, 3.36732]
    [-0, 1, -0, 0]
    [-0.962091, -0, 0.272727, 0.954545]
    [0, 0, 0, 1]
]

35:
[
    [0.319324, -0.492914, 0.809363, 2.83277]
    [-0, 0.854077, 0.520146, 1.82051]
    [-0.947646, -0.166095, 0.272727, 0.954545]
    [0, 0, 0, 1]
]

36:
[
    [0.563657, -0.722881, 0.399667, 1.39883]
    [-2.98023e-08, 0.483853, 0.875149, 3.06302]
    [-0.826009, -0.493284, 0.272727, 0.954545]
    [0, 0, 0, 1]
]

37:
[
    [0.893697, 0.427269, -0.13692, -0.47922]
    [1.49012e-08, 0.305167, 0.952299, 3.33305]
    [0.448671, -0.851066, 0.272727, 0.954545]
    [0, 0, 0, 1]
]

38:
[
    [0.397254, 0.667266, -0.630036, -2.20513]
    [-0, 0.686531, 0.7271, 2.54485]
    [0.917709, -0.288843, 0.272727, 0.954545]
    [0, 0, 0, 1]
]

39:
[
    [0.283334, 0.259945, -0.92312, -3.23092]
    [-0, 0.962565, 0.271052, 0.948683]
    [0.959021, -0.0767983, 0.272727, 0.954545]
    [0, 0, 0, 1]
]

40:
[
    [0.283334, -0.259945, -0.92312, -3.23092]
    [7.45058e-09, 0.962564, -0.271052, -0.948684]
    [0.959021, 0.0767984, 0.272727, 0.954545]
    [0, 0, 0, 1]
]

41:
[
    [0.397254, -0.667266, -0.630036, -2.20513]
    [-0, 0.686531, -0.7271, -2.54485]
    [0.917709, 0.288843, 0.272727, 0.954545]
    [0, 0, 0, 1]
]

42:
[
    [0.893697, -0.427268, -0.13692, -0.479219]
    [1.49012e-08, 0.305167, -0.952299, -3.33305]
    [0.448671, 0.851067, 0.272727, 0.954545]
    [0, 0, 0, 1]
]

43:
[
    [0.563656, 0.722881, 0.399668, 1.39884]
    [4.47035e-08, 0.483854, -0.875149, -3.06302]
    [-0.826009, 0.493283, 0.272727, 0.954545]
    [0, 0, 0, 1]
]

44:
[
    [0.319324, 0.492914, 0.809363, 2.83277]
    [-1.49012e-08, 0.854077, -0.520145, -1.82051]
    [-0.947646, 0.166095, 0.272727, 0.954545]
    [0, 0, 0, 1]
]

45:
[
    [0.090909, -0, 0.995859, 3.48551]
    [-0, 1, -0, 0]
    [-0.995859, -0, 0.090909, 0.318182]
    [0, 0, 0, 1]
]

46:
[
    [0.10788, -0.53526, 0.83777, 2.9322]
    [3.72529e-09, 0.842688, 0.538402, 1.88441]
    [-0.994164, -0.0580827, 0.090909, 0.318182]
    [0, 0, 0, 1]
]

47:
[
    [0.214628, -0.884755, 0.413695, 1.44793]
    [-1.49012e-08, 0.423566, 0.905865, 3.17053]
    [-0.976696, -0.194424, 0.090909, 0.318182]
    [0, 0, 0, 1]
]

48:
[
    [0.539916, 0.829702, -0.141726, -0.496039]
    [7.45058e-09, 0.168376, 0.985723, 3.45003]
    [0.841719, -0.532207, 0.090909, 0.318182]
    [0, 0, 0, 1]
]

49:
[
    [0.138064, 0.745412, -0.652149, -2.28252]
    [7.45058e-09, 0.658455, 0.75262, 2.63417]
    [0.990423, -0.10391, 0.090909, 0.318182]
    [0, 0, 0, 1]
]

50:
[
    [0.0947132, 0.279305, -0.95552, -3.34432]
    [3.72529e-09, 0.959835, 0.280566, 0.98198]
    [0.995504, -0.0265733, 0.090909, 0.318182]
    [0, 0, 0, 1]
]

51:
[
    [0.0947132, -0.279305, -0.95552, -3.34432]
    [-5.58793e-09, 0.959835, -0.280566, -0.981981]
    [0.995505, 0.0265733, 0.090909, 0.318182]
    [0, 0, 0, 1]
]

52:
[
    [0.138064, -0.745412, -0.652149, -2.28252]
    [-7.45058e-09, 0.658455, -0.75262, -2.63417]
    [0.990423, 0.10391, 0.090909, 0.318182]
    [0, 0, 0, 1]
]

53:
[
    [0.539917, -0.829701, -0.141725, -0.496038]
    [-7.45058e-09, 0.168376, -0.985723, -3.45003]
    [0.841718, 0.532208, 0.090909, 0.318182]
    [0, 0, 0, 1]
]

54:
[
    [0.214628, 0.884755, 0.413695, 1.44793]
    [2.98023e-08, 0.423566, -0.905865, -3.17053]
    [-0.976696, 0.194424, 0.090909, 0.318182]
    [0, 0, 0, 1]
]

55:
[
    [0.10788, 0.53526, 0.83777, 2.9322]
    [7.45058e-09, 0.842688, -0.538402, -1.88441]
    [-0.994164, 0.0580827, 0.090909, 0.318182]
    [0, 0, 0, 1]
]

56:
[
    [-0.0909091, -0, 0.995859, 3.48551]
    [0, 1, -0, 0]
    [-0.995859, 0, -0.0909091, -0.318182]
    [0, 0, 0, 1]
]

57:
[
    [-0.10788, -0.53526, 0.83777, 2.9322]
    [3.72529e-09, 0.842688, 0.538402, 1.88441]
    [-0.994164, 0.0580828, -0.0909091, -0.318182]
    [0, 0, 0, 1]
]

58:
[
    [-0.214628, -0.884755, 0.413695, 1.44793]
    [1.49012e-08, 0.423566, 0.905865, 3.17053]
    [-0.976696, 0.194424, -0.0909091, -0.318182]
    [0, 0, 0, 1]
]

59:
[
    [-0.539916, 0.829701, -0.141726, -0.496039]
    [7.45058e-09, 0.168376, 0.985723, 3.45003]
    [0.841719, 0.532208, -0.0909091, -0.318182]
    [0, 0, 0, 1]
]

60:
[
    [-0.138064, 0.745412, -0.652149, -2.28252]
    [-1.49012e-08, 0.658455, 0.75262, 2.63417]
    [0.990423, 0.10391, -0.0909091, -0.318182]
    [0, 0, 0, 1]
]

61:
[
    [-0.0947133, 0.279305, -0.95552, -3.34432]
    [-1.86264e-09, 0.959835, 0.280566, 0.98198]
    [0.995504, 0.0265733, -0.0909091, -0.318182]
    [0, 0, 0, 1]
]

62:
[
    [-0.0947133, -0.279305, -0.95552, -3.34432]
    [5.58793e-09, 0.959835, -0.280566, -0.981981]
    [0.995505, -0.0265733, -0.0909091, -0.318182]
    [0, 0, 0, 1]
]

63:
[
    [-0.138064, -0.745412, -0.652149, -2.28252]
    [7.45058e-09, 0.658455, -0.75262, -2.63417]
    [0.990423, -0.10391, -0.0909091, -0.318182]
    [0, 0, 0, 1]
]

64:
[
    [-0.539917, -0.829701, -0.141725, -0.496038]
    [2.23517e-08, 0.168376, -0.985723, -3.45003]
    [0.841718, -0.532209, -0.0909091, -0.318182]
    [0, 0, 0, 1]
]

65:
[
    [-0.214628, 0.884755, 0.413695, 1.44793]
    [-1.49012e-08, 0.423566, -0.905865, -3.17053]
    [-0.976696, -0.194424, -0.0909091, -0.318182]
    [0, 0, 0, 1]
]

66:
[
    [-0.10788, 0.53526, 0.83777, 2.9322]
    [-3.72529e-09, 0.842688, -0.538402, -1.88441]
    [-0.994164, -0.0580827, -0.0909091, -0.318182]
    [0, 0, 0, 1]
]

67:
[
    [-0.272727, -0, 0.962091, 3.36732]
    [0, 1, -0, 0]
    [-0.962091, -0, -0.272727, -0.954545]
    [0, 0, 0, 1]
]

68:
[
    [-0.319324, -0.492914, 0.809363, 2.83277]
    [-2.98023e-08, 0.854077, 0.520146, 1.82051]
    [-0.947646, 0.166095, -0.272727, -0.954545]
    [0, 0, 0, 1]
]

69:
[
    [-0.563657, -0.722881, 0.399667, 1.39884]
    [-0, 0.483853, 0.875149, 3.06302]
    [-0.826009, 0.493284, -0.272727, -0.954545]
    [0, 0, 0, 1]
]

70:
[
    [-0.893697, 0.427269, -0.13692, -0.479219]
    [-0, 0.305167, 0.952299, 3.33305]
    [0.448671, 0.851066, -0.272727, -0.954545]
    [0, 0, 0, 1]
]

71:
[
    [-0.397254, 0.667266, -0.630036, -2.20513]
    [1.49012e-08, 0.686531, 0.7271, 2.54485]
    [0.917709, 0.288843, -0.272727, -0.954545]
    [0, 0, 0, 1]
]

72:
[
    [-0.283334, 0.259945, -0.92312, -3.23092]
    [-7.45058e-09, 0.962565, 0.271052, 0.948683]
    [0.959021, 0.0767983, -0.272727, -0.954545]
    [0, 0, 0, 1]
]

73:
[
    [-0.283334, -0.259945, -0.92312, -3.23092]
    [-2.23517e-08, 0.962564, -0.271052, -0.948684]
    [0.959021, -0.0767983, -0.272727, -0.954545]
    [0, 0, 0, 1]
]

74:
[
    [-0.397254, -0.667266, -0.630036, -2.20513]
    [-0, 0.686531, -0.7271, -2.54485]
    [0.917709, -0.288843, -0.272727, -0.954545]
    [0, 0, 0, 1]
]

75:
[
    [-0.893697, -0.427268, -0.13692, -0.479219]
    [-2.23517e-08, 0.305167, -0.952299, -3.33305]
    [0.448671, -0.851067, -0.272727, -0.954545]
    [0, 0, 0, 1]
]

76:
[
    [-0.563656, 0.722881, 0.399668, 1.39884]
    [-1.49012e-08, 0.483854, -0.875149, -3.06302]
    [-0.826009, -0.493283, -0.272727, -0.954545]
    [0, 0, 0, 1]
]

77:
[
    [-0.319324, 0.492914, 0.809363, 2.83277]
    [2.98023e-08, 0.854078, -0.520146, -1.82051]
    [-0.947646, -0.166095, -0.272727, -0.954545]
    [0, 0, 0, 1]
]

78:
[
    [-0.454546, -0, 0.890723, 3.11753]
    [0, 1, -0, 0]
    [-0.890723, -0, -0.454546, -1.59091]
    [0, 0, 0, 1]
]

79:
[
    [-0.518643, -0.411731, 0.749324, 2.62263]
    [2.98023e-08, 0.876412, 0.481561, 1.68547]
    [-0.854991, 0.249759, -0.454546, -1.59091]
    [0, 0, 0, 1]
]

80:
[
    [-0.775528, -0.511509, 0.37002, 1.29507]
    [2.98023e-08, 0.586111, 0.810231, 2.83581]
    [-0.631313, 0.628356, -0.454546, -1.59091]
    [0, 0, 0, 1]
]

81:
[
    [-0.963244, 0.236838, -0.126763, -0.443671]
    [-0, 0.47189, 0.881657, 3.0858]
    [0.268628, 0.849251, -0.454546, -1.59091]
    [0, 0, 0, 1]
]

82:
[
    [-0.614672, 0.53098, -0.5833, -2.04155]
    [1.49012e-08, 0.739493, 0.673164, 2.35607]
    [0.788783, 0.413775, -0.454546, -1.59091]
    [0, 0, 0, 1]
]

83:
[
    [-0.469571, 0.221559, -0.854643, -2.99125]
    [-2.23517e-08, 0.968001, 0.250946, 0.87831]
    [0.882895, 0.117837, -0.454546, -1.59091]
    [0, 0, 0, 1]
]

84:
[
    [-0.469571, -0.221559, -0.854643, -2.99125]
    [-0, 0.968001, -0.250946, -0.87831]
    [0.882895, -0.117837, -0.454546, -1.59091]
    [0, 0, 0, 1]
]

85:
[
    [-0.614672, -0.53098, -0.5833, -2.04155]
    [-1.49012e-08, 0.739493, -0.673164, -2.35607]
    [0.788783, -0.413775, -0.454546, -1.59091]
    [0, 0, 0, 1]
]

86:
[
    [-0.963244, -0.236838, -0.126763, -0.44367]
    [1.49012e-08, 0.47189, -0.881657, -3.0858]
    [0.268628, -0.849251, -0.454546, -1.59091]
    [0, 0, 0, 1]
]

87:
[
    [-0.775527, 0.51151, 0.37002, 1.29507]
    [-1.49012e-08, 0.586111, -0.81023, -2.83581]
    [-0.631314, -0.628356, -0.454546, -1.59091]
    [0, 0, 0, 1]
]

88:
[
    [-0.518643, 0.41173, 0.749324, 2.62264]
    [-0, 0.876413, -0.481561, -1.68546]
    [-0.854991, -0.249759, -0.454546, -1.59091]
    [0, 0, 0, 1]
]

89:
[
    [-0.636364, -0, 0.771389, 2.69986]
    [0, 1, -0, 0]
    [-0.771389, 0, -0.636364, -2.22727]
    [0, 0, 0, 1]
]

90:
[
    [-0.700158, -0.297765, 0.648934, 2.27127]
    [4.47035e-08, 0.908886, 0.417044, 1.45966]
    [-0.713988, 0.291997, -0.636364, -2.22727]
    [0, 0, 0, 1]
]

91:
[
    [-0.893152, -0.315584, 0.320447, 1.12156]
    [4.47035e-08, 0.712492, 0.70168, 2.45588]
    [-0.449755, 0.626707, -0.636364, -2.22727]
    [0, 0, 0, 1]
]

92:
[
    [-0.985444, 0.129802, -0.10978, -0.38423]
    [7.45058e-09, 0.645763, 0.763537, 2.67238]
    [0.17, 0.752423, -0.636364, -2.22727]
    [0, 0, 0, 1]
]

93:
[
    [-0.783228, 0.362457, -0.505153, -1.76803]
    [-0, 0.812489, 0.582977, 2.04042]
    [0.621735, 0.456604, -0.636364, -2.22727]
    [0, 0, 0, 1]
]

94:
[
    [-0.651946, 0.16479, -0.740143, -2.5905]
    [-3.72529e-08, 0.976099, 0.217325, 0.760639]
    [0.758266, 0.141684, -0.636364, -2.22727]
    [0, 0, 0, 1]
]

95:
[
    [-0.651946, -0.16479, -0.740142, -2.5905]
    [1.49012e-08, 0.976099, -0.217325, -0.760639]
    [0.758266, -0.141684, -0.636364, -2.22727]
    [0, 0, 0, 1]
]

96:
[
    [-0.783228, -0.362457, -0.505152, -1.76803]
    [-1.49012e-08, 0.812489, -0.582977, -2.04042]
    [0.621735, -0.456604, -0.636364, -2.22727]
    [0, 0, 0, 1]
]

97:
[
    [-0.985444, -0.129801, -0.10978, -0.38423]
    [-0, 0.645763, -0.763537, -2.67238]
    [0.17, -0.752423, -0.636364, -2.22727]
    [0, 0, 0, 1]
]

98:
[
    [-0.893152, 0.315584, 0.320447, 1.12156]
    [-2.98023e-08, 0.712492, -0.70168, -2.45588]
    [-0.449755, -0.626707, -0.636364, -2.22727]
    [0, 0, 0, 1]
]

99:
[
    [-0.700158, 0.297765, 0.648934, 2.27127]
    [1.49012e-08, 0.908886, -0.417044, -1.45965]
    [-0.713988, -0.291997, -0.636364, -2.22727]
    [0, 0, 0, 1]
]

100:
[
    [-0.818182, -0, 0.574959, 2.01236]
    [0, 1, -0, 0]
    [-0.574959, -0, -0.818182, -2.86364]
    [0, 0, 0, 1]
]

101:
[
    [-0.860827, -0.158189, 0.483687, 1.6929]
    [-2.98023e-08, 0.95046, 0.310847, 1.08796]
    [-0.508897, 0.267585, -0.818182, -2.86364]
    [0, 0, 0, 1]
]

102:
[
    [-0.959934, -0.146559, 0.238847, 0.835964]
    [-4.47035e-08, 0.852332, 0.523002, 1.83051]
    [-0.280227, 0.502047, -0.818182, -2.86364]
    [0, 0, 0, 1]
]

103:
[
    [-0.995036, 0.0566332, -0.0818253, -0.286388]
    [1.11759e-08, 0.822263, 0.569107, 1.99188]
    [0.0995123, 0.566282, -0.818182, -2.86364]
    [0, 0, 0, 1]
]

104:
[
    [-0.908425, 0.181652, -0.376518, -1.31781]
    [-0, 0.90066, 0.434525, 1.52084]
    [0.418047, 0.394734, -0.818182, -2.86364]
    [0, 0, 0, 1]
]

105:
[
    [-0.829132, 0.090558, -0.55167, -1.93084]
    [-0, 0.986793, 0.161985, 0.566947]
    [0.559053, 0.134307, -0.818182, -2.86364]
    [0, 0, 0, 1]
]

106:
[
    [-0.829132, -0.0905581, -0.55167, -1.93084]
    [-7.45058e-09, 0.986793, -0.161985, -0.566947]
    [0.559053, -0.134307, -0.818182, -2.86364]
    [0, 0, 0, 1]
]

107:
[
    [-0.908425, -0.181652, -0.376518, -1.31781]
    [-2.98023e-08, 0.90066, -0.434525, -1.52084]
    [0.418047, -0.394734, -0.818182, -2.86364]
    [0, 0, 0, 1]
]

108:
[
    [-0.995036, -0.056633, -0.0818251, -0.286388]
    [3.72529e-09, 0.822263, -0.569107, -1.99188]
    [0.0995121, -0.566282, -0.818182, -2.86364]
    [0, 0, 0, 1]
]

109:
[
    [-0.959933, 0.14656, 0.238847, 0.835965]
    [2.98023e-08, 0.852332, -0.523001, -1.83051]
    [-0.280228, -0.502047, -0.818182, -2.86364]
    [0, 0, 0, 1]
]

110:
[
    [-0.860827, 0.158189, 0.483687, 1.6929]
    [-0, 0.95046, -0.310846, -1.08796]
    [-0.508898, -0.267585, -0.818182, -2.86364]
    [0, 0, 0, 1]
]

